(title "Velocity Magnitude")
(labels "Position" "Velocity Magnitude")

((xy/key/label "line-10")
-0.05	0
-0.04999	0.0113091
-0.049978	0.0361841
-0.0499636	0.0660206
-0.0499463	0.101785
-0.0499256	0.144474
-0.0499007	0.1946
-0.0498708	0.250899
-0.049835	0.309549
-0.049792	0.365989
-0.0497404	0.417957
-0.0496785	0.46518
-0.0496042	0.507816
-0.049515	0.546369
-0.049408	0.581637
-0.0492796	0.614435
-0.0491256	0.645315
-0.0489407	0.674662
-0.0487188	0.702786
-0.0484526	0.731089
-0.0484526	0.731089
-0.0481331	0.759252
-0.0477497	0.786435
-0.0472897	0.812854
-0.0467376	0.838681
-0.0460752	0.864053
-0.0452802	0.889082
-0.0443262	0.913858
-0.0431815	0.938458
-0.0418078	0.962948
-0.0374996	1.01728
-0.0321951	1.06273
-0.0319228	1.06492
-0.0314122	1.06781
-0.0250498	1.10183
-0.0222978	1.11295
-0.0168219	1.13074
-0.011099	1.1424
-0.00650147	1.149
0.0002566	1.15243
0.00285205	1.15319
0.00462768	1.15189
0.0111777	1.14395
0.018465	1.12841
0.0186365	1.128
0.0187323	1.12768
0.0265418	1.09441
0.0287007	1.08236
0.0351028	1.03549
0.0366539	1.02386
0.0372442	1.01715
0.041355	0.967634
0.0418052	0.962162
0.0431788	0.937643
0.0443235	0.913001
0.0452774	0.888216
0.0460723	0.86319
0.0467348	0.837821
0.0472868	0.811995
0.0477468	0.78557
0.0481302	0.758373
0.0481302	0.758373
0.0484496	0.730184
0.0487159	0.702178
0.0489377	0.674078
0.0491226	0.644754
0.0492766	0.613897
0.049405	0.581121
0.049512	0.545875
0.0496012	0.50734
0.0496755	0.464725
0.0497374	0.417544
0.049789	0.365609
0.049832	0.309187
0.0498678	0.250592
0.0498977	0.194352
0.0499225	0.144291
0.0499433	0.101656
0.0499605	0.0659364
0.0499749	0.0361375
0.0499869	0.0112951
0.0499969	0