(title "Wall Shear Stress")
(labels "Position" "Wall Shear Stress")

((xy/key/label "line-10")
-0.05	0.00226424
-0.04999	0
-0.049978	0
-0.0499636	0
-0.0499463	0
-0.0499256	0
-0.0499007	0
-0.0498708	0
-0.049835	0
-0.049792	0
-0.0497404	0
-0.0496785	0
-0.0496042	0
-0.049515	0
-0.049408	0
-0.0492796	0
-0.0491256	0
-0.0489407	0
-0.0487188	0
-0.0484526	0
-0.0484526	0
-0.0481331	0
-0.0477497	0
-0.0472897	0
-0.0467376	0
-0.0460752	0
-0.0452802	0
-0.0443262	0
-0.0431815	0
-0.0418078	0
-0.0374996	0
-0.0321951	0
-0.0319228	0
-0.0314122	0
-0.0250498	0
-0.0222978	0
-0.0168219	0
-0.011099	0
-0.00650147	0
0.0002566	0
0.00285205	0
0.00462768	0
0.0111777	0
0.018465	0
0.0186365	0
0.0187323	0
0.0265418	0
0.0287007	0
0.0351028	0
0.0366539	0
0.0372442	0
0.041355	0
0.0418052	0
0.0431788	0
0.0443235	0
0.0452774	0
0.0460723	0
0.0467348	0
0.0472868	0
0.0477468	0
0.0481302	0
0.0481302	0
0.0484496	0
0.0487159	0
0.0489377	0
0.0491226	0
0.0492766	0
0.049405	0
0.049512	0
0.0496012	0
0.0496755	0
0.0497374	0
0.049789	0
0.049832	0
0.0498678	0
0.0498977	0
0.0499225	0
0.0499433	0
0.0499605	0
0.0499749	0
0.0499869	0
0.0499969	0.00226137
)
